9595
106567
100617
113401
94908
92753
94927
88141
127102
59539
118052
96511
130387
4793
102380
117891
39337
117976
110641
81305
90154
50275
93163
119680
92014
39079
128397
91563
100225
130665
95573
205919
80076
127242
78533
126869
97838
82555
95182
52768
2986
5543
80370
126040
62372
76155
75030
106302
128844
106205
105200
15511
66388
127533
110571
114621
109693
99902
122022
88333
18307
96738
70752
8980
130780
91848
125052
107934
129131
131018
126200
105455
126626
9967
113027
124999
28241
130983
82246
93171
114379
131151
51213
126721
102278
65408
29716
101280
110268
103813
85402
101160
127649
95603
63310
10217
90147
66308
91926
95442
7012
117081
92865
5646
92250
82503
94332
31490
69026
114535
96113
129859
102078
102503
51289
94264
111407
113290
122840
100909
65863
53672
108185
99477
117951
105970
75641
129134
131017
72459
101510
44074
127855
116115
127451
130218
4363
85890
67362
31770
119111
119325
129644
93950
58481
70646
101544
118363
67846
100782
53106
105815
129960
81306
101892
126216
130986
85972
129434
94785
115173
104295
124419
128492
91637
102383
2332
122251
68681
125161
52894
105733
103296
72992
2911
16479
65887
36327
130217
119311
128762
125839
43129
5103
77153
124080
8179
109370
2622
97207
116522
5133
76449
51513
91880
103133
101463
108127
120065
95336
114673
107568
96012
111666
125990
129208
98252
73957
118768
85142
69633
128974
79310
101365
3208
10274
79768
99159
66221
65192
122945
119617
107458
99455
101673
96900
114259
102481
119112
2524
37464
93866
108273
2996
115606
120998
15972
110588
92527
101749
108174
2251
75566
52224
103677
122600
1531
62649
90137
94602
82318
64266
58632
83275
62268
115220
107489
58416
52786
16404
117884
105413
124477
81262
48486
37931
101648
111297
127221
106697
74286
27623
34379
95781
124177
65782
116898
100142
51767
28201
74885
105156
119717
95409
124225
99213
98469
119685
121308
128471
77148
96223
70314
3715
115258
69513
87759
126248
102995
120346
118432
2267
514
82463
115465
107890
95790
95350
101486
101809
48728
109399
86335
61797
95513
94015
117213
94005
123976
18023
65978
129747
117950
109086
76438
122891
79171
124881
126974
105523
129421
113610
103091
67993
98991
110898
61753
93696
58883
119884
110974
123022
100744
118234
122171
115883
103973
67672
111227
52250
121157
31394
81503
116540
123045
2268
7303
126651
92509
82242
113681
75661
66563
62878
100172
108160
77586
128300
101850
50309
91740
59944
80885
70788
66886
103733
74664
106244
100737
108765
119270
126646
108254
103038
126048
99548
86131
7854
126574
66058
127707
94837
126274
124069
119890
41611
127382
60615
103084
130419
68575
117924
62617
128707
126992
96495
51984
105872
101248
124765
95929
97187
90122
76123
66016
102704
131601
111569
101342
68241
124365
86570
97422
113690
94367
108883
128822
128975
123702
102759
126225
113068
95748
76053
90406
117793
125108
117490
117344
97464
69636
113639
52076
34899
73555
94032
98993
129520
50841
91849
117925
107802
103602
93364
119808
125120
101626
129161
31821
98813
61674
121983
125231
92153
95496
92477
66612
97373
124281
96106
111453
82662
64212
89982
42495
116362
105591
128928
128079
122396
88019
118243
112063
100687
130833
114929
123347
58385
105144
130531
69502
92655
8991
66646
3476
113084
98306
122256
87194
103607
15854
28973
16113
4672
61250
66667
2682
15854
28973
16113
4672
61250
66667
2682
